0.0541
0.0542
0.0565
0.0542
0.058
0.0542
0.0542
0.0531
0.0599
0.0526
0.0612
0.0572
0.0561
0.055
0.0522
0.0509
0.0578
0.0549
0.0553
0.0574
0.0552
0.0539
0.0555
0.0535
0.0536
0.0552
0.0568
0.0556
0.0554
0.0553
0.0547
0.0569
0.0571
0.0532
0.0552
0.0594
0.0592
0.0535
0.0539
0.0538
0.0544
0.0564
0.0527
0.0532
0.0543
0.0607
0.068
0.0507
0.0586
0.0539
0.0545
0.0563
0.0518
0.0539
0.0573
0.0581
0.0532
0.0569
0.0534
0.0533
0.0624
0.0516
0.0561
0.0532
0.0539
0.0542
0.0516
0.0563
0.0523
0.0534
0.0642
0.0568
0.0516
0.0529
0.0585
0.0532
0.0544
0.0521
0.0548
0.0534
0.054
0.0556
0.051
0.0566
0.0571
0.0602
0.0546
0.0551
0.0601
0.0551
0.0561
0.0545
0.0544
0.0522
0.0537
0.0554
0.0581
0.0589
0.0582
0.0554
0.0584
Accuracy: 80.58% 
