2.1998
1.0933
0.3493
0.217
0.2181
0.2156
0.2579
0.2159
0.2076
0.2097
0.2404
0.2151
0.2138
0.2139
0.2106
0.2141
0.2121
0.2156
0.2219
0.2134
0.2079
0.2075
0.2233
0.2105
0.2103
0.2119
0.2117
0.2825
0.2165
0.2156
0.2348
0.2117
0.2208
0.2113
0.2259
0.2172
0.208
0.208
0.2105
0.2235
0.2084
0.2087
0.2198
0.214
0.2129
0.2117
0.2123
0.2166
0.2118
0.2127
0.2141
0.2108
0.2118
0.219
0.237
0.2137
0.221
0.21
0.2329
0.2148
0.2111
0.2089
0.2103
0.2127
0.2113
0.2188
0.2264
0.2187
0.2144
0.2129
0.2303
0.2194
0.2103
0.211
0.2176
0.2113
0.2129
0.2147
0.2147
0.2159
0.2119
0.2072
0.2221
0.2111
0.2123
0.2128
0.2246
0.2248
0.2133
0.2113
0.2134
0.2129
0.2086
0.2077
0.2122
0.2116
0.2113
0.2126
0.2196
0.2228
0.2104
Accuracy: 85.44% 
