0.3915
0.1733
3.25
0.9726
0.166
0.1422
0.1412
0.126
0.1203
0.1275
0.1225
0.1282
0.1928
0.1415
0.1159
0.0782
0.0847
0.1491
0.1313
0.1357
0.0989
0.0779
0.1361
0.134
0.121
0.1228
0.1079
0.1384
0.0859
0.0868
0.1269
0.1119
0.1254
0.1182
0.1566
0.0849
0.091
0.09
0.1108
0.0646
0.0894
0.1058
0.1149
0.1474
0.0964
0.0997
0.124
0.2171
0.1336
0.1091
0.1581
0.1462
0.1185
0.1439
0.1295
0.1045
0.1561
0.1174
0.1051
0.0733
0.1149
0.0816
0.1165
0.111
0.0943
0.0704
0.1169
0.1026
0.0992
0.0676
0.1377
0.1124
0.1432
0.117
0.113
0.0817
0.1082
0.094
0.1022
0.0837
0.078
0.0739
0.1074
0.0892
0.0804
0.0686
0.088
0.0931
0.0762
0.0866
0.1187
0.1016
0.0909
0.076
0.113
0.0675
0.0935
0.093
0.1046
0.0737
0.0803
Accuracy: 79.61% 
