0.0876
0.0774
0.2846
0.1271
0.1242
0.1239
0.0924
0.0906
0.084
0.0781
0.0995
0.0863
0.0725
0.0689
0.1002
0.1419
0.0886
0.0878
0.0959
0.0842
0.0789
0.0743
0.0838
0.1003
0.0773
0.0996
0.1166
0.0929
0.075
0.0735
0.1268
0.0845
0.0768
0.1
0.0867
0.1044
0.1012
0.0984
0.0966
0.0939
0.1049
0.089
0.1273
0.1366
0.1192
0.0857
0.1255
0.1028
0.0984
0.0919
0.144
0.1796
0.102
0.0834
0.0928
0.0888
0.0797
0.0894
0.0958
0.0865
0.0796
0.0942
0.1149
0.1008
0.1107
0.0854
0.1005
0.1017
0.0793
0.0945
0.084
0.0681
0.088
0.0683
0.0964
0.0803
0.0726
0.0727
0.1164
0.0828
0.0865
0.072
0.1024
0.1186
0.1276
0.0842
0.1425
0.1038
0.0771
0.0992
0.1337
0.1445
0.1197
0.095
0.0938
0.0865
0.0799
0.0738
0.0981
0.0874
0.0829
Accuracy: 79.61% 
