0.6883
0.254
7.9545
2.7291
0.9804
0.3019
0.2479
0.2184
0.2014
0.2207
0.232
0.223
0.2759
0.207
0.2477
0.1981
0.1996
0.2081
0.2198
0.2111
0.1979
0.1947
0.1984
0.1975
0.2046
0.2034
0.2163
0.2305
0.2065
0.2
0.24
0.2335
0.2427
0.2276
0.2357
0.2062
0.2298
0.2117
0.2319
0.2167
0.203
0.2056
0.2518
0.211
0.2427
0.2283
0.2399
0.2283
0.2066
0.2041
0.1982
0.1959
0.2003
0.2035
0.2216
0.2186
0.2102
0.194
0.2168
0.2221
0.2011
0.1988
0.2163
0.1988
0.201
0.1927
0.2037
0.1982
0.1947
0.1945
0.2111
0.1955
0.2054
0.1957
0.202
0.1912
0.1951
0.195
0.2183
0.2082
0.2077
0.2
0.1926
0.198
0.2018
0.1952
0.2649
0.1988
0.1947
0.1923
0.2026
0.2011
0.1984
0.1977
0.2088
0.2056
0.1991
0.1986
0.2014
0.2044
0.1948
Accuracy: 85.44% 
